1488467852382 288.8412 -1.3253413 21.570347
1488467852828 289.14755 -1.6330556 21.038683
1488467853340 291.06232 -3.5198696 21.125286
1488467853838 290.3623 -3.1382377 21.634623
1488467854399 290.05676 -3.5176156 21.764492
1488467854915 289.7754 -3.175446 21.924479
1488467855358 290.7068 -2.2145545 18.859566
1488467855881 288.72046 -1.8474389 21.700945
1488467856451 288.90897 -1.8664975 22.546593
1488467856897 289.12088 -1.9451703 22.870775
1488467857362 289.04156 -2.2094724 23.244913
1488467857790 288.9031 -1.7623729 22.942436
1488467858254 289.06042 -1.3961725 22.741907
1488467858704 288.65775 -1.0607677 22.108606
1488467859123 288.99625 -1.0110477 22.09756
1488467859618 288.80063 -1.0235318 21.697483
1488467860086 288.0676 -0.331202 21.416628
1488467860670 288.45288 0.03605145 21.65999
1488467861146 288.25003 0.5550034 21.547743
1488467861545 288.05286 1.0163735 22.783957
1488467862003 289.97458 -6.6889153 33.440002
1488467862503 276.74722 3.4597745 73.0382
1488467863048 280.37173 6.830112 85.65957
1488467863587 302.93948 2.6330955 84.12082
1488467864034 327.41205 2.8657486 85.69421
1488467864475 335.91254 1.8952655 84.979706
1488467864899 325.38696 1.1949002 87.56492
1488467865326 321.1564 -1.0121638 85.88425
1488467865774 335.22333 -0.8583564 82.374245
1488467866182 327.51224 -0.3766279 87.13142
1488467866679 330.63208 -1.6742331 84.54646
1488467867048 342.61218 -0.06438053 81.59263
1488467867525 337.38657 -1.7483131 85.32825
1488467867935 337.6629 -2.7631645 86.72533
1488467868371 346.2513 -1.9134254 84.64911
1488467868794 346.06186 -1.3269777 86.01769
1488467869225 339.47208 -2.0337882 87.368546
1488467869726 342.83203 -2.1423202 84.348755
1488467870206 332.49146 -0.7507558 84.25883
1488467870672 340.27634 0.09911805 83.05149
1488467871096 330.3487 -2.5056913 87.25569
1488467871543 329.5575 -1.4245946 86.7847
1488467871922 343.90875 -1.6009494 83.38585
1488467872338 322.79565 1.0903382 88.42751
1488467872782 333.7299 2.140959 89.82633
1488467873128 352.08698 2.1007357 86.60467
1488467873546 340.78754 -0.21285309 88.803024
1488467873997 324.0987 0.62259257 89.0631
1488467874651 326.74008 1.633977 86.795296
1488467875522 335.72873 1.4671979 85.74406
1488467876150 334.46454 0.8803427 84.37289
1488467876551 337.54938 -0.20147136 85.1988
1488467876968 330.4544 -0.47071803 88.41176
1488467877420 326.92688 -0.42587817 88.48105
1488467877864 337.35248 -0.47675613 87.69098
1488467878387 331.57507 -0.020750115 88.043816
1488467878806 333.0132 0.06639372 87.27565
1488467879196 330.50342 -0.071033135 88.9891
1488467879669 323.65173 -0.98031145 87.0032
1488467880198 325.05396 0.7823559 86.8998
1488467880567 318.27234 -1.2380682 88.50461
1488467880962 308.2244 -0.57170826 88.06832
1488467881300 311.8811 0.70632607 85.68703
1488467881794 308.3971 -1.6095853 84.54213
1488467882175 331.21683 1.9335632 78.14247
1488467882649 14.450341 2.7987463 82.1713
1488467883064 345.654 2.64409 81.52965
1488467883444 325.98035 2.8537023 85.75659
1488467883807 319.83456 1.4495311 85.992294
1488467884153 309.92468 -1.4139501 88.27201
1488467884539 303.284 -178.16782 89.51926
1488467884868 309.54697 -0.6873572 87.81152
1488467885252 305.73694 -177.44632 87.37179
1488467885728 313.40012 -178.53052 89.09676
1488467886174 325.9907 0.19102196 87.08073
1488467886586 320.92932 -1.5994726 86.98562
1488467887003 310.70255 0.3299563 89.079735
1488467887427 343.37485 -1.003711 89.51343
1488467887958 329.15826 -0.29375234 87.68387
1488467888393 328.1541 1.5178918 89.785034
1488467888787 347.70477 0.121401586 87.6313
1488467889179 325.65347 1.3120283 88.70267
1488467889563 345.4775 0.110280305 86.88242
1488467889908 354.90295 -1.1884599 84.27124
1488467890239 326.66232 -1.1195889 88.373955
1488467890870 349.05835 -1.9293675 89.59648
1488467891269 353.99924 -1.2181653 87.668335
1488467891763 12.553432 -1.3259994 87.794136
1488467892129 37.973873 -0.84965205 88.22061
1488467892490 33.219337 -2.5890918 86.68519
1488467892882 43.24027 -1.0945276 85.265274
1488467893294 35.06974 -3.108655 86.7743
1488467893644 19.801517 -4.8539577 83.59854
1488467894015 1.6348486 -3.4882941 86.55245
1488467894464 4.07634 -3.5467172 85.22896
1488467894958 326.70636 -1.5775889 82.721344
1488467895747 305.88385 -0.43425563 87.93835
1488467896142 296.92902 -1.1628768 85.943886
1488467896552 300.25415 2.364222 86.57651
1488467896991 316.29062 3.8235908 87.34206
1488467897383 312.83212 1.3470716 85.118866
1488467897795 312.74408 3.8701787 86.57523
1488467898141 322.75293 2.7121778 89.30443
1488467898489 324.78058 0.08184789 87.916374
1488467898960 311.828 176.68588 89.1568
1488467899297 336.8617 3.72702 86.513214
1488467899646 337.7068 3.0710332 83.31506
1488467900028 311.39093 4.833089 86.8803
1488467900435 322.11212 4.5923715 83.287636
1488467900820 329.7583 1.4700462 82.70484
1488467901245 306.69604 3.5675697 86.36016
1488467901633 324.35242 1.9289895 84.74216
1488467902017 315.08157 -0.6153214 87.87891
1488467902624 315.17328 3.3624153 85.29785
1488467903202 306.5092 1.1437742 84.96512
1488467903644 301.51794 1.8896173 89.16236
1488467904045 308.92145 -179.46262 89.695816
1488467904529 301.36835 -2.8297536 89.58038
1488467904957 305.36053 179.64525 89.24236
1488467905382 313.98822 -1.8323756 89.33581
1488467905784 296.04333 178.23073 87.89885
1488467906162 311.14078 2.8239648 88.29589
1488467906787 300.565 3.1037726 88.14963
1488467907155 311.23694 4.533993 88.21499
1488467907696 332.37064 3.6151893 87.40284
1488467908022 324.74176 4.4181814 88.71396
1488467908354 343.64355 4.353307 86.04943
1488467908764 334.9438 -179.86623 89.95576
1488467909121 325.31552 179.27466 88.52251
1488467909592 345.033 1.1177319 89.60651
1488467909979 343.58588 -177.16656 88.44578
1488467910401 329.5402 179.77887 89.70534
1488467910847 342.3453 0.57175356 88.15001
1488467911292 331.8905 -0.03317082 86.506714
1488467911948 333.18854 -2.5340152 87.78247
1488467912376 327.95044 -1.0177363 88.95817
1488467912813 335.7749 -178.02443 89.53705
1488467913220 332.5238 -178.64693 87.12483
1488467913652 334.78024 -176.25607 87.0301
1488467914007 339.8459 -174.88736 89.39295
1488467914337 336.39355 -177.17729 86.23564
1488467914783 341.62146 -173.47775 88.563896
1488467915259 336.03088 -173.0326 87.18103
1488467915636 338.09216 -173.8182 84.895164
1488467916046 337.42218 -173.54738 85.84501
1488467916509 331.4128 -176.60088 88.36003
1488467916934 333.7516 -175.48 87.60695
1488467917321 323.00616 -175.85826 84.47355
1488467917700 325.11252 -179.1748 88.53818
1488467918101 330.38974 -175.65465 85.28415
1488467918581 326.29688 -174.11456 86.27114
1488467918980 332.08167 -6.21443 88.86383
1488467919304 328.92358 -7.319008 89.556175
1488467919718 320.0305 -172.87056 86.454445
1488467920046 335.69562 -4.8873706 88.44875
1488467920441 323.34033 -4.7838373 89.380554
1488467920913 324.56625 -175.71927 87.956406
1488467921308 331.98508 -0.77093565 89.38141
1488467921857 324.47455 -178.34952 88.78516
1488467922281 334.01407 0.41804716 86.6016
1488467922710 339.40356 -3.320544 86.25398
1488467923229 325.23102 -2.071655 89.32653
1488467923605 337.95877 -0.7006813 85.911354
1488467923985 327.3499 -1.46371 89.642746
1488467924367 318.8014 -179.34074 88.93112
1488467924763 325.05786 -177.03494 87.678825
1488467925129 319.1751 -177.3136 87.46137
1488467925460 319.01068 -176.04015 88.58565
1488467926021 327.74136 -3.0180733 88.63857
1488467926382 319.01785 -3.5915358 89.02536
1488467926727 312.93985 -3.4972732 89.20723
1488467927091 318.7383 -5.1342144 87.58077
1488467927602 311.4184 -174.31248 89.88219
1488467928014 322.912 -9.543344 86.60099
1488467928431 301.69766 -172.84291 87.94736
1488467928811 298.4195 -175.07715 88.437386
1488467929178 298.55505 -1.6604995 88.986565
1488467929683 312.5927 -2.4084551 89.54556
1488467930016 305.72305 -179.51282 89.65211
1488467930418 34.745075 2.1271825 86.04265
1488467930795 91.16363 3.078105 83.25369
1488467931189 100.94602 -2.2641397 89.71348
1488467931586 103.36437 -178.79109 88.34983
1488467931918 109.6441 178.76091 88.288826
1488467932265 112.48332 -179.36884 86.02538
1488467932699 111.56051 -178.81163 87.310524
1488467933161 104.74402 178.90398 89.423355
1488467933627 105.30622 -178.08162 88.11415
1488467933972 103.661995 179.69647 89.96792
1488467934361 98.75306 -0.7962174 89.87762
1488467934822 104.70513 -1.3347516 89.88465
1488467935263 93.63106 -3.82599 89.8117
1488467935701 105.841095 -177.08083 89.46753
1488467936098 107.389206 -176.48177 89.033226
1488467936564 108.306526 -1.2674894 88.90363
1488467936911 114.81499 -177.93126 86.60513
1488467937310 109.364624 -175.96094 87.92642
1488467937751 111.81227 -0.032421205 88.236496
1488467938155 103.215065 -3.0061758 88.999245
1488467938511 97.61481 -178.0177 88.95476
1488467938906 102.847115 -0.84387136 88.619736
1488467939273 105.27415 -2.3809958 89.680466
1488467939794 104.16088 -1.3950777 89.7169
1488467940253 109.95386 -178.1322 88.345055
1488467940698 104.05084 179.61317 88.68568
1488467941067 100.04611 -0.59013367 87.16023
1488467941476 108.022285 -1.853796 88.086945
1488467941961 98.66369 0.68130696 88.995766
1488467942399 100.0276 -177.66484 89.278114
1488467942980 92.75259 -0.5871863 89.56777
1488467943341 104.23202 0.5557795 88.22
1488467943705 105.65338 -2.5794725 88.38742
1488467944039 102.585724 -0.25109562 88.609886
1488467944386 109.28496 2.0131993 88.11447
1488467944869 111.82306 178.5507 89.27782
1488467945309 101.84656 177.20268 87.60081
1488467945712 104.83507 179.21379 88.163826
1488467946123 108.21457 178.90549 88.70188
1488467946499 105.21409 2.6197524 89.58524
1488467946896 110.548386 -179.44655 87.24694
1488467947349 109.87389 1.6844152 89.50361
1488467947788 109.31633 1.9113749 88.868866
1488467948149 107.23864 -1.8952296 89.733604
1488467948578 106.75441 -0.61933774 87.70023
